$ANSIBLE_VAULT;1.1;AES256
30346334643261633664336365363364326561623836646333363734316233343332353165366464
3465356634396639323439636532396538333939316465320a386239386265393137386431363931
37613339333966396435393938646664656135383136313037313162653739303634626134313739
3839303065353938660a633634393562396665383836636265356235383939393562333238363663
36343734373137663834653163313536613934616166393238306534393631616431656338643632
61393638303939396564666333326336393464333433353161326435643030616566363865313435
31666134333361303363346565653335383535383462316233343431663164336566383761646530
30623832616635393762353230336132353839343335666664356531383836303261323632313262
36636666616636643530363265383661343133396663633538666531623861656466306363306230
36316334656161653739666463616564323431653632333134386462353462663364303535393439
34623736636464613031666630366664303763356236363766623835323338626237646162643362
37353463343030623364616465306666343736646363343839303764346364643162653330363937
34386262636439333163613231643539346261303839633864656163313439343734636561383065
36303435303164393333363035663730393539303438643632333333363739313261306232343930
36383561363865343766383236323639366233333734323461333336343734393935353532633162
37623938616562363365383134653565653531396630653462383633656134333439346335356237
34643934353231656235386536666431363665333332663337653639643633623561643666316465
36613863373138353463336461353330613338393761393863636630623330616433316237633534
37633937626166316135613732346666366130383533333637353434383261656164383830616533
61336531323262376261353035653938326233323036383839643565303733663731636236633939
63646435336532303635643839366535303863633639316164303133356265623731663436656565
31323935623336343063336435386531316433333535376539303230313535613030323734303563
64653534336639666330393162613736373636313039386231313036356462356538346439303263
63376162626633396137646366323762333335393637616164623130313966396664653264636131
38383539663363656566323264353666323136306262396232346536356637646533623265613161
34363435386439643139323037636464323066376165663833313934386238663166323937353165
31353862613532326337326561313165623062386436393965396166653866626665386138333830
35633834376430666332356662373061643438663762333261643736373663383131623864343063
62343735393139303539623234336261616534336335383430333761656433383036333833383430
62663062376537656639646465623730333435636635383439306466643665326537353962633462
37636238666336646236343431626161346136646265363032636336643032613133353430356337
37663032353934643839646635646461363937376132323066373739653863353363366530313734
38643861323330383333663131663431393862386463626337393234626663306530616330303366
37343161306630326262333961356164316132366633303565643231636565656266386664643736
38313264653265636662643139653036623263366665383639653534316237363937613365313961
62643662306664373632343136616537303466343333393564333330373364656163666464353966
61666235666439346263636662633333373661386361343963393830363136363132303935373764
39393462373335323638316561363162366239336465386136346232366331356133633033613062
34343138323637336636316564393136313333333632326134346564656331663661346364336130
39303637613238333630313538653832393462633139633461623961613461663166393266636238
38653166306430396263626234626430373765313632623039323166626332663339363265303161
65393438316663333234376338616339646164393531313433333531346336636134653763623763
35343266313865303338313861396339643364316565353733346630343866646661336639393634
63643431303233623734383736313937373033616537316330636165303363663939336663656336
66343137313833383037613237356233353764363333356630346139383332623431333666383763
34636562366637366432353132393166346462313836373662663634633833383736353936626663
63646538636361633661313131343830353561333530663635653034653333313462666636303266
61363030646435643265366130303133633231633437373134303266383465363736616165303161
63326562626165623039653932353239646336346239363835613335653231393138343963653737
39616331636165353730326633623735303761353361353631326565383236636133663864626566
34393131656437626565623965333437303437626663396636626633616633643263623435366163
63636136346362623035306133353531663861363730313832333162373665626561373962323635
39373264633862323764616134346161343230633834333264636337633437666238666433613530
32646434383434396131643165636635333635343765306665643832343136383164336134326137
66353761303134613366633332343637643531633332346463633362306131363064373732393537
39663631353438656266643461366438373032623836653631323434323766306462626635333639
39653532383965303435343930333230316632376661306137323363323665303136396165346161
33376161636464636631653435646334393239303232336636626166373065636161343231656337
34613066633932346131346361326362346336386561616432613265323861333534663431373335
34366637643763336661336130303966323161633863623833336364303035633836333265353231
30623966363366656533353361623736343035396435643037643663646133616633623133343834
33393130643033353032326530353263346334646365366239376637343964653836313864643031
35623134666337323632313436353031366331313839633635623438323039396138306530306365
66303566313664663137623739643937343636336235306631633662313561303563623164356130
33363265343366373133653933303932616135666436663263626461366235643931303433363166
66323839313737343161376635623538643633626434393439376535616339376535336435616339
36393535313431353666303665613234653866653763323132383032383531376565323538383136
38343037643230343066653435346332373533666533653931643635386634313939313861336134
62313336313961616162666235386665643363386433663631313462383337376335666234363434
66623365643932353263306463346235633532373165316363393732383930646234366364643630
66623933386663333164326465643166633263643961313135663764393532396636303235363831
64616235353933366664313435396536353930313132666435643130326163613961633862663539
66373135303135386638366431646533623839383932373233653139356430626565313230656665
62393761323731373765363561303364396665393539353961386164353666393231393830343165
30383865313965386536666561343739366235636536643832623731313736306438373861353534
63666265303938616338613334623761656365333666636139656133623932656364396339643131
31663061656630623738376563316330333961626430653235316638383139356639326332383733
35373533616461613233353863306137666330396131373835623866303831323035666133636139
36616135363232663232366337356230653165356330306439346234376638643838646364373634
36333561353338333066303661626136376635633466303239633935646635356539383335646232
39396236303038663434386665363861346134616232316561373539353935376334323665626561
37636539383334323430323863383033396635383062333833373335333839653062346266363036
63636563386233356431353039666439326439363763666435373664373830626561373231366262
37343634613663303938373163643037376565616534316266363137313663313266393233303438
61356563353562363261336338313961363837303337383334663064633266653838346461383434
33333935633331353937393966353634643331613665643964333338653132323134656361643436
39303531633132313633313064663665383361663561333264386662393061663637383466636431
62363035323762353339
