$ANSIBLE_VAULT;1.1;AES256
61373466356636636430316535303633646536643433663431336563343337656339643065376530
6536613165366138393430663935313161386563363366360a363935616562666161616434366138
36393363356566336432306538386236346236626161653037303032646336666130396131316636
3831313664616634370a363532613436623035356235353436656533353531373835383562376634
62396431303639383336346132373139356133343863363136366562643732306666363133396365
63356235653665656535616165353064396161333364636464633066616334306130623633383331
65646436323266383234316333626363616333323035666533356434363064343463316635363534
66363164373233323637616333643663376630346164666437393135333562373665393466353637
35393333383164333932366438343864333830613862666233643764626331313561323436643439
36383365353262663234383439343134663938333230343333666266363630313730643136383763
38613838643433653366376638613438663132386237646337353061636134613265336436343965
39653739623562626233396539323266343733323931353261323237326136343038306539316636
34326235643066303039636462333862666439323461373865303336646239343962393662393262
62613462343037326161313764363836393732393133323566383164616661336636316361346133
34326561356130386636636366353333636362323838303335646364323331663833316332626238
62306638386364333430336663646361343134623633313032323463313233356163636137396134
65633465623039633061643230326436383633346563663730656234643761396230323566343935
38383633363738323539653762666263623431393237303937626363326366363736636435373033
30323361353761393732376136653038396234643466376237333436373334646363363865366538
36353831303335613531396437396231623431646238363132666333323466376338653633623061
37366631663433343534646166373631613164663033353761666263373235653263306633386531
36363736346664323737376632313664623238313165306436336361653363383234613864663233
39636463386235653838333465613637656361343030643835643336313332353935303765346531
30363865643932373031313764313762303736633235643537343764353363313135363564653836
35376166663063386430316265626461643965346633323230653730656163373961633161306264
34336433663261323363633739346137623037366639383533353233303838363032353135633736
66623736396466366163343763616538656361653537633938623866303265363537633130643734
65633832643062346163316639643862303738636431313333616663636633373430353261393665
35653932313734383865653339623030376232353565353135356162396261623131643065646436
62353739356330656162633533386461653566646637303730373636356665373138323836623364
38653436363931356530376335616537646362373833653064316330386533316563643164656633
62646137353731353730313764376239323033363761636166313664386538366135333639316361
62386237373663303633616435386339336339336632376365313531326232633738373361306463
34336135363061616366396337376435353039333635626361346439363765636561636236663362
61616364363238666365363266663231646466613733313138323066363032393062306566336538
39393334313565343462633737366561653335386366373133663639353137383330323233353931
34616230633035316335623862363638356261666635623335343961323638376364326334343135
30666239666430343261356633356530363838383436616136663934373232333034363238376538
30633836313763366436323363323565623938666334373534396232383438663866643134613365
37313062373762303639356464353930653732396464626537653265353331383063366632306432
30373237373338393433656665396464313636663765323736636431656533376535363932663435
66326564363335303139633530383734336232363637303332343834613665373431633831386134
38386433643965343936333963363039646563633266363362306336663530623264316462663561
61313638303730613961313261303536386331636638666532313432326239333331396638343962
33636465396638376436663663313065653839363835383061646236653033313733363064343136
63666538623734306463636463326361663066316430366132323266626632353430363366346565
36313561653064383962666330336530636631323236326664656334646334663762333931383662
35663630323930313436353732623938323633373432316436343436643966323834383135613933
30303735643737656262303230353830393063616362633934343630623032613437646632303562
62383466343838363131613263356638363630386264616164316337633032653733636433346431
34383566643730393366643337663666326133343134356466343538323831643165303763333537
31333632623333396230663330396366373461323564616666323237373438323239666363366436
33393964313831323733323738656336376537656165373162333736303163356665626136343937
35646536653730383833303132333335643135336331636461343665313061306264346362653336
64656261343538383139623439373334626162383466666337643962373234316633646166373137
30646131333835653938663736303438663035303130356436623364613434626563363035643334
36653633363830616539663866386663373366323836623161643631396238653164393638636430
37323563313361313033393264323764373063313063303865666434306139366363356330376663
66666139633231396161666562353430386338643737343536613131396635623238313135313030
63643438346333633238633637656139306130343666393934613036393135356163303439636465
31343632363938613461393733353830343831663537306233643438376262396335303863656565
32646131303532663865356465643130333931376362346332383162636635636234656336323666
63363730396665323261303966616461663535353838383262376662353630656330306434323238
32303632323939623830363932633430353263303631653530663033623166333931656431393230
64313735653935386562353063623833333935396436616364383034353234616334363430626538
31656532343038623632383830616634643934386132653636323033666137613665656165333961
33386265326364326631333864653262396434656635643864633133316362333430343365316432
63336130653035323762363263373831303930396539346335316563343363393338633031623434
63643036383434643338353634633666323265326337303861323338663363366236333436343539
63373561353561653335316366313331323265386535613863613935623830383536373864323038
37353337383933353436666237373864333033316233656436356232643034343233336536323530
63393339323333306330343335336435353038383662633964363934623337363635303835346139
35613162396139383261333266353334633734373163366463653539386438363431353266316566
37343936313136373434653461353138613631336334336534323864353938323635356334613535
62306131663837306534666362336461373462323031373566333737386663306537393861643434
33346539353033386533376536623937636537636139303030636632653062623536346433326663
63326662343637366363656365353836336166393561346430393565373266633762363064316365
62323235353262613632333737663335623437316663643766303735356233373662333337303461
64373661376462316662623530633932366461366434373930353835623831323637323662383864
38633138656534353264656431666164303431643839383630643764333631323666326439396330
65333362623565613964626535306638363763313663663363353330353637666430663034363339
30623336396633333533653330663564346161336338653235333465653665356464323933356662
37303235313661333136643965333634653433353136343031396330373536363233653230616462
64383763393634363535376165333432323936336266323566346662303832663634633338633462
36663935313236323436643339313061303036326138303636313534643362623236336431623065
32616365336535383765643034326133656361653235616632306363613964396664353332346566
66613062356439336238393430383236366435633835306131386339373232396138333433336531
66396138373037616566306662393961333262646432336639636264326137353564343332383365
38313862306266643938306237373538393831643432643134383433326232353331633961663963
34346562313635663138653761373636633937613236396561653965376632343666333365626132
62636264336663353135323033343761373738623761343665633839386266316137306432656333
39326434343134306339323466636563366135353565336330383761303064323863383364383366
63376431633933633632366361386435393136623962373665666338326139643065656433373064
38616535643639613365376537333832363662346162326163643264333364383531366339336138
66633564646130663835666132366636666664366136383264653636343262316137333036653531
31643633653662353066353336366532626139363739336563333538323630393130393435376266
61643133613436376436353062613063623565623538366434646266303066323262653239396664
32326262376339363532393162636130326638613332353466393862373737623335313866646633
34383732366662333835366134643335396639373035343535306436663331333362353437323732
31636330383066356337353333663338663165373732376331313231643033366265356134396430
32643864376536343365623062383135323130326661383938616436663039613166643463353537
39653766663266313134363166386166326466363236643534643530663632393766313861303030
39393831316463336333336536356434393733396331643639376539336636656661666331666433
33306164653237343631353834366337393833376233346534656164646662313332636336326539
34626266363464396531353366623930336239616663303965336666653138333138346539656534
62396137636561643132396635396539356462613238323432396332643430396565356162353535
34336239336534343263336532323438353837343765303864333838346663353663373939613131
31626235353638373932633662303066323165656135366530353266636633323132393939613939
66316564396636646431386536393366306634633934383864636537353862323034646630666538
39396166303561316539393231353762323036343935366639343165306565356637653063333430
61323038393033346363613830356639306435383138653634323361313637393961636561623536
37303263626436333138353466616664353239613135303838396461336339656533313361386131
64653866616665633561643537393335623764333134643136396663343161383935386238303535
35396535306264363766336133663239323237633735323664336662316238653131626430643866
63613936616631666333333434373934666331363637663039663364623062663033303736373265
34343861653965653036306462313565346236343939386339663632383365316262623335323638
61373531373766623837356461333862353934323062356235383536666562396566383264616363
64343737653366343636623536383263656230613435663630663566646531336262383336656261
66316465393930633561616632303362313730316161363066626564323437316532333536313730
62313031616163346533633561613966336330666363336361363464653736303562363232666138
65323863633936363662366366346530376339663635373339363139393730346661626432323136
30393461363437343837373234313139313162616335336530346463363534653337386232626564
63656566653139616230333434333131366665336437393336633262646462653038613933373033
61356633653130656337306235366666373235653366616562653736306338656461313335653565
65653832373530336330363365656633383666666461343962373832376331313663303532313933
63636632306465626232356266333432386436303564633530663739343531626437373661643635
66393837356532313438333864383663366133383030613266333765626466346335393439653761
61376161396636336566333139323630393165383738386564383861366135303461313336653062
38396537313339306430646131646630313837366165656238393436303532653231383266396363
31393665326462303935323262386364663937636138663639383865616461333332383064623538
62343763366139636537373963346233353536666332323633653535333934643332663365656565
37363734353063653533346164363031326161316462363465663034636239336636353831613832
36373132613236393665626265386432323337343338353931323232333237353061386561306534
34643964343464663638636637363239626666643764663238346239306635356533353661363435
64306532636662663634373338643763303430363936306463356665396639623966323561663961
63376265323032666666323236636637646666616131363830313965396466666165653830303433
34616539313662656639326631303939613863636465383235613737633630343263663639383433
63313935346262376263623365396464326430643362663761333637363266623561343834306337
64326362343338343432313636646665383733303534393262306331646439313665393733343365
61353037636237313933306566393139336264306537366339613330373936343663353333356639
61613031306134353637363633353339346635333431373232303364343863316462373664313261
31393133633363306662313736663466373538326463656232643866623066336538623666646465
36653331333330653565666335393231653265363964353561363164653030653061306564656334
66646463653661646232333261366230303664643661616630663039386564313563663963313761
31333531353263633830653030343732616135626431653165636437666339303835316666353330
65613664353032613330323236326235376462396164343163326530356635613435366166613565
66303836623235323035363232396530366339393932333938396631363564373162333361666166
63363733323435336335303164646263363264656332313631383364623166333138363234633032
39383362336465386432303164633561626262633736386661363939646539663238356339613834
62383663313136336537306530323737663231376434373631646462386237333636363863383933
36356166393162366661663430323631353562356234326233393466613837623637663634383066
64333830366561303562653664393938333764623332383939303439316563666362363865636561
31383134303730303262313935623932363839373466333762663338313934623731393766663563
32313664363832333664343565653138306462616566303731356261636338623633396237323136
65363534323230396266656563373665666132323531306538666664666234373763653765396630
61306337323031353138383836666232366537663831633233353232323832396561663765346634
63363066653562623762626639323632343635356133386366386165623234346162313566663137
37626266303061303464633438336436333939613238383364366531613666356332336136613333
39623930343539353062323835356631333366353063336164393562373339303134346336616339
61383065373437636133303038393664323864383936343535343039623964353038353261326233
63623337386134646166623766396538386338643864303430346435626430613061623938613436
32656537383734636135653162343035363737643365646434623665386636313437323832383136
33363535666264613935336236313932626334313334366430303361363261343964323532393436
31666662626666353661343262623734643933363563633835306430356462353237623039353032
37323362663538353332613366393538376666356439623231633433356666613631346366663761
3261353363386162653364353439356666353137366536623637
